1396387731
3970894734
3293953633
6529594352
1549514083
1357607731
9571069815
3314581163
9571075076
3579725321
3696748381
3072152005
7674983271
7832366441
4310902455
6791591531
1564749141
7359530301
3344125116
8237777203
2307762656
7154374614
6368271302
6367140964
4612643350
4699525036
3496977315
7798230484
5057159052
4788183536
9031334362
3358265503
2353249990
2453279684
8558308555
3315449594
1536381873
2943354385
3835299915
2458691395
7496630584
3695747506
2794486542
9552667294
5618715686
9630466086
2973261690
6595930703
1504568796
2047505482
1978015200
4004271574
1981025314
3350158641
4975834894
2430594014
1411149810
6825646494
3112463712
4863419223
2259316732
9076482645
1575597376
3789802225
8162033950
1893394812
8917956471
9259048750
9520429962
5252424251
3388415284
1162068294
2161006433
8442265230
3847851394
5352011276
7698403941
2835077825
2064240010
4898140284
8932241345
1869581346
3655220251
4458063595
1897724334
2466628146
7982659263
3400442135
8537814062
6367831422
1766438925
9228724341
7446562830
1117820686
1937938903
2795394755
5693816726
1788228470
2030556990
5156067280
3969881812
1605932020
7965533542
4884874116
8114737573
2284701403
7739950713
7413271235
4528200784
6882435560
4904779073
7878156790
5529494246
3440553432
2957082240
3803086696
8992392905
6786740800
5865888895
6681561250
6487962224
1632673000
9716346312
2258926283
2982697760
8621930505
3473528984
4229312544
5228831333
2322098870
2737122231
6367088744
7700503160
8093700053
4538631731
7095820981
7981886290
5480429076
3629050121
8111842513
5392997794
6634937805
9601326302
8271999945
9562641480
9545305416
6701480203
8910176892
7312672975
1270692231
2249574600
4285081636
8948826854
7305667460
6163464742
9762485644
9715862940
2110220781
5167590691
8603599546
1963712844
6523112024
1418789363
1916193812
8617793236
7730329773
6034323912
5351247985
9715237571
7832698005
9166505644
7363199653
2843532311
7877772184
1516088571
7306755245
2142584931
7306832072
1441626513
3472843360
8737213855
6097286705
3173206400
8005382420
6680904381
5002803050
1520906273
6831351365
6188131891
7503772776
6916004270
4124578135
8029426392
6349883724
9944210452
2394069694
1587048050
4171228456
5639285444
4905854763
3386775825
3107595245
8635730504
6787047993
1133201624
3131599262
5990212071
4058262983
1781907190
4207465135
8622221672
8358338531
1048091973
1744128772
4138537443
4544308274
8147945282
3231638826
3471281866
7135368450
1692982992
2618694890
3232362265
3128572252
2401104941
8481395134
4823347583
1648859612
3537439780
3053071243
7362412374
3181280373
4605967026
5274958253
4730171143
2875143482
3425201883
1007829826
1002697161
4585644501
2915680902
4925630780
2603954172
4528591550
4504746363
3207100525
6498002416
6170147336
4912877266
2828732152
9156384985
5823829303
2871526571
1809480260
6293089014
2580571151
1162323971
5419456291
1583266716
6481958210
5592353896
3620576853
7916923361
8082704512
4963736536
6697269681
3806755853
4850961076
1960453843
9702197525
7095782385
2459035471
6007149735
6120632501
4223313732
7353719494
6309298214
6654764281
9562085256
7815005192
1585767680
1911445115
5040940004
3128426206
4123716645
4250450562
2910474162
3851845303
2712128333
9838153205
5395304644
7247518143
7242968876
3097250343
4647118361
4836785995
2670599853
5163010731
7307318900
5798189084
1449147361
4119185976
2475063006
2358341042
2816755620
6442687650
8355635470
2981612701
2547419140
9369904294
1519075331
3516568565
4905982266
2477955524
3694421231
1646225556
1164569232
7799591903
9872533871
1235783006
6627555605
8091235493
3771484872
1569118154
7078535682
3606191691
6563883616
6972704620
9792425241
2798130403
2579753492
3693477734
6072619700
5821855701
7830902236
1888524260
7907669140
7738101136
5112055502
3464790545
2398574415
9816767671
9702515141
8513768793
4470602080
5715050412
8916426422
6197650082
2054669234
8395641111
7527813974
5164407080
3334346536
1535631786
7986295925
2629747175
7632328502
1869480546
1441422802
3804949713
5192287715
1229814692
8582165491
7907576456
6497814444
6635959186
2526232155
1934774951
8418951951
2592913606
8916416095
5632998324
9770987542
2127098271
3987929540
7089057010
2702742254
1452197563
7070620126
4967714990
2819882656
4184380421
6916093413
6979083576
3409669480
5161997971
6967249284
7671805061
1553976594
4517495754
5196671126
2043400052
2005674532
4906165666
5040456595
1554002704
4095339404
3594581535
4041837052
7012442824
3967862054
2541353570
4941031480
3799921915
6620281695
8754274561
1326146813
4125487531
2774596440
4921961903
4173395822
1519583015
3503932762
9117532406
6912602885
9227178892
7927784583
4443517831
3749209914
3137387901
6356543410
4430888851
8455252816
8687377495
4056570206
3110414101
8091656322
9545419100
1968613791
3310265291
9998682422
1236161356
6374775890
3623800176
3591939595
6066219036
8693786150
4580647315
7067499526
2522823940
3830783084
3496741205
2996861206
7053799583
2928980854
9914077213
2261103622
4198978722
6183315154
2189035096
7784211772
8082762822
8082122366
3182853752
3372142830
6979415833
2269476650
2062902225
7527824872
1725034290
2258128596
9569362294
9692644791
4166007086
3650116046
6422539756
8272338863
2260203525
6008328023
1703666392
9917999000
5465838453
4461460511
3301775046
3368644322
8567576824
2812868660
6111039476
6768081692
8074187144
5394120141
7012286713
9521828680
4121069772
1803285190
2729564526
3987185075
4739686081
6501164751
4456506036
8374784946
1312639812
2371554894
1256417201
5083365711
4331671315
6571451110
5263049466
9370072025
9830218300
3980456104
2925070411
9997630123
4571755672
9914159920
7496316903
1605983551
4650319144
8404927020
1340053864
4284407234
5470526736
3973566483
2394802395
3267801504
6562629194
8736364140
1790817081
7447869494
3154617642
8607285805
8012312873
5824431852
2461496155
2245063693
6774769875
1917192583
4071240460
3976808463
5548374263
5011694903
4173719480
6389571882
2047455675
4214176875
1126257145
2860950201
2154394900
6453767471
3979044473
2170370565
7030459273
6055227802
2652309951
6748243342
5033663526
4785612683
8426425512
1578271483
6180826993
5488073452
8611422643
7955893013
4483280130
3846832382
8074222284
5821569106
4650268420
5373484734
6096417165
1656608973
9076549436
1821765131
1836255470
2282094043
2114802874
3123874261
9715859731
4917709285
2245038935
5479066611
5196456366
2150820372
2325195541
1357080465
4544382684
7710106084
4876395392
5568799854
8932366354
9567781904
1910456844
1056576485
7258172843
1825149966
2260473563
6191240300
3369349395
5532920912
2546949484
7679053756
4635514785
7700547260
4544635723
3475226775
3696501620
3473155991
6290941915
1127531952
1999553150
1325324523
3401495031
5291385190
3281435264
6024914420
5164518811
3147608995
1674586336
9454852761
2747571131
5050804710
5120900831
9454450692
9500016724
7175657285
1304441261
4602524511
2482597445
1958927515
5190493000
2815022265
5551075095
9259797772
5736862784
4580829901
3415562592
2398529884
7900940703
1049420691
3260359115
5087544243
4643851516
1966107791
9816322331
7713913550
7673979434
3709341473
6730903292
9259382370
9499719121
3976627093
5133389133
3571452474
1916812251
2395656874
4646924483
3399827675
6004788005
3031079984
9295317286
3196685096
4650343902
6970123436
4448157744
1107419946
6016799003
7022703004
6321282730
4103770355
1296960630
6575394490
4666536136
6517987652
3419863134
5011643884
8254968411
1240623112
9095814652
5791377126
8247318380
1613888441
6055463621
4577788353
4871897085
7421489725
3109800072
9612443632
6212031475
4871846324
9895969963
3299211473
1405577213
9401465135
1059368262
5241085555
2159441900
7389842821
4946108683
5165449590
9567801666
2154390604
6081258245
1634612405
7186505185
8923221241
1793693845
6089571261
1343643044
9925335932
6103866440
4642971922
9680809331
2912093391
5256358542
3778774635
9060576630
7321397720
7699948513
9259754921
7664638041
1509815845
8320011770
5738922512
1879420325
9029589623
3439284940
3480056440
4898314794
6782297432
4966458173
3130110502
9914921435
7360982694
5164461886
7890775476
5640119306
5466402885
6681462524
9929451840
4528191802
5633270926
2482503726
5025219172
5640632395
2337574540
3356960832
6377496274
5770034723
4739433300
4695950652
8112246903
3789655542
4711371173
9567810954
6730952454
3376499291
9157929631
2465559891
3472629451
3455974631
7447521362
1371828415
2579945373
8161838926
3380000201
3328655050
2858059142
4733684244
3979657765
1704418251
4544206343
1171833504
2232215565
2916001174
4093949020
1854045900
3977244950
1058468493
5517284474
2490939916
5165687715
4881469784
7906411166
6989042583
3413322146
3975576323
3340564570
3131530732
4454018984
6764681571
1768602463
7397137624
2118273920
3083926263
2354003190
8621563893
1922809103
1926858150
9635779635
3225521460
1922640893
8395875633
2344479690
5810063033
2475823895
5599665411
4219251901
5156100294
2142483545
6003072014
6580397541
3807005134
3472636510
9863589794
7070057363
2606229636
7087131682
5159610934
5167764910
9718705566
8118790116
4674965105
8131019481
4959402490
4746192205
6478091922
7768898421
9226850323
1470345796
2269390616
1869146591
1904713101
3979926473
6639443495
6856983151
2383950380
8632237515
2636671063
6787384310
4897828880
5955194711
6478112200
8992405284
2882505076
8971281863
3971007865
6596770176
7301314333
3496589950
9984472643
4363461583
8372410465
3232378170
7644881182
8199740732
7466730283
2399581730
8615658774
4430225413
1343889050
8691297090
8196832733
7116245146
4880245075
5974252012
3271400101
3823968562
1084408286
5754465150
1808758453
7353952642
9417467275
7675386106
2398426262
8425290624
5133132583
3399917846
2189202820
2958992864
5163548795
8737692143
1764081955
3691621415
2810057434
9281242530
6648967404
1018402350
1428777652
8364072021
3190536672
9529582440
7125914740
5470225342
7069020265
7441156726
7948626022
8572360473
5754484643
3465924420
7278533780
4603820141
2396960425
6029470414
5128291700
2359987044
6768193821
9073918895
6491377561
7830299595
2122420672
9219484912
1706325983
6627620731
8566861984
5130729881
6430972321
6092011306
9860246443
3084064970
9455147483
9911206104
1311416960
9925457043
3510325280
4608313006
3174029283
4017481031
5162116212
9259607884
1318578251
9482610325
1275400361
6840178214
5952187802
9716087566
8722111344
5061298756
7098353404
8273110801
4320796535
1468472320
6331330880
7832314210
3522502362
8724518176
3218958746
7295599021
4086141356
4284328204
2512876660
1630758905
9771824904
7247539725
3272581502
2062893652
9699810621
1998146651
3435949941
9286949781
5259954512
3522590212
2250326481
2218677775
5640445101
2165381654
1084197144
8403552990
6916756836
8722176212
7506325713
8162518873
9774284483
7242828740
1322008483
1571936763
3420368184
5698368410
1507468056
9025918436
5390965823
1372558795
2749448531
5049623250
4691083832
4996369770
8380116511
7117676145
2222306391
5903676796
5061324402
3504006553
6723594043
9644726405
9834460521
7599738322
7363009430
4333046244
4956294980
6041690152
2944738101
3244283910
6898258146
7815835366
8248438225
1967593412
9915687655
8753793090
3253349805
3627936384
7267534260
9714816543
4187457551
6626444790
1422311520
3173166555
9520550093
5765682381
1098280120
5586882545
1897785923
2259345325
7516800432
5611016342
7478078005
9977952740
4230812482
9292759582
9796257015
5022072160
2585269385
5263349324
2144773842
3107207250
5337985122
5040663541
9659941152
6540423993
8810049986
3604606821
1029471693
6307093472
6623982164
6677614602
5986730190
6851042435
2560747184
3733541545
4347184004
6564042822
5395101972
7009730291
1890513623
6241597003
8386441361
4684871074
4136234911
4452585535
6764461362
2349846166
9528957793
8487599886
3874099806
3850696065
6012995715
5511727734
7849710676
4902708333
9359721921
3770926084
2831012590
9601370973
2258103724
8096369153
5825914824
6601643683
6357885041
1630504234
4043971842
9016574906
2586063723
6540591702
6405725782
5049856324
2905906356
4730715345
3813574144
6881812733
3965837691
8229873234
2462965735
4283212360
9636164425
3181259336
3799398923
5724419002
1631979812
8618198326
4046243935
3874047903
5878732381
8511821264
2371186031
5394702364
5572153904
3425723490
2507312651
3326106814
4975629853
4844419042
3594002871
4229299723
4723218813
3975199955
2317248975
1916787596
8082049706
3358704860
2028318132
4609014690
7823412715
9242063644
9925329481
9482986730
7800508424
3267863546
5327018491
6419232551
6994386335
2574580960
1418814283
1832975141
8082989736
9978280491
9805561216
9913148324
3370766346
8924430911
4636252121
1766366453
6587447834
1325092296
2675908281
4695810965
2430636305
4635487662
6063885995
3821965571
3709360550
3975168691
5488316293
4129222425
8386231000
7565180276
2329108272
8323598463
2006275563
4596837254
6206369175
4876765040
5014084821
9490134706
7737203736
2914036381
6090079822
1831117551
2272102836
1572590110
2837612116
1703802192
9453279511
5470194435
6196053835
9485925201
8404361884
2286605753
3855901254
3823718673
2061304324
2912928056
3658269322
3193645803
2580719956
5594559375
7152589426
3262197890
6538032620
3809207754
1836226755
1502563226
2865678502
7126518151
2255958692
7448427136
2702317763
1386060815
7621801515
6315975956
7906174802
7448150710
6723539034
4613000475
6008334942
2992467450
5114681003
9743397101
8937617242
2718847121
5791421996
7800496616
8715696231
6361243825
2834739762
9064020755
7354817934
2196572770
1883491072
2556335666
7724538430
9646907815
9060269481
1531163056
3359159263
2975436155
2734894271
3869182855
3695459773
1556300701
2788810920
5524811434
3402121774
8355745694
3064502980
9060551065
4056526670
9449583813
1905241715
1809646506
8472266880
9608573413
3696749302
9529174126
3964657395
7213777583
7460717331
3980034855
4602501013
9567875586
3032760942
2277343644
2574617651
6201256213
1590744923
7135414392
6081599882
8404066355
2395626295
2404855806
1340114580
9458284356
2722335092
1397834896
6410253382
3691380070
5314204851
7604060634
6211615303
6052856725
6650972510
3024901180
6055195425
5081158902
8419353412
3038263395
1644663613
2844820860
1566178036
8247064162
3693274513
9571337090
5133653431
5257379002
1647587804
3368363250
5545013530
4430224680
3606181740
6101221195
8942974051
9918069490
3271431472
3718904232
3695205566
5247442944
7573183365
4904702611
9914701672
8092716844
7172072666
7797989150
7577698251
7881057170
9545360661
9877448932
4555691825
6563844696
2277070773
5133872564
6527190110
7188376160
3409972661
6981012404
7692836233
2871696461
4829058905
3196710731
3147535274
3996016065
8472366722
6660657382
6240136593
4102431454
5476230690
8979608212
7441259770
4004684342
7086226140
8689233766
3594067536
5061472846
9281572790
4850830342
7599805964
9738166281
8403613131
7964412993
6764545045
1612687823
7280056696
4733341966
2477982846
2360866760
6210035672
6062489241
7516382602
9771169542
6982934825
7089065292
3030306156
9527650661
1845473044
3471323041
4039025900
5640466112
7570009064
7099885645
9454626016
7289183742
1922326044
2277729786
6339496262
7402973664
8235186551
7344083950
8117197060
6017277136
6793003431
1107984220
7674751663
1937957884
8980038804
9938465670
7475555640
8285861183
3031596116
4327779094
3623747945
1059442322
1767474741
9165385666
7397100502
8307107605
1282759240
3503375455
5379704890
8704472151
6060658940
7907614061
3326214404
2006158291
9925308654
1647538513
2502812443
3065747790
1679455610
1264835040
3356710545
4128640714
4443783960
9635903174
4343397262
2747395431
7307291740
6980645825
1451771392
7153620585
5083321051
2747304442
8478076876
3310094966
6188046410
1005479381
3379896402
5196664712
9790232432
8300653012
7354460234
5236188414
4320211210
1058602090
2843705292
8083473134
8348437075
5149198014
3682637593
6349950666
8096553824
2164895526
1634603935
9149681321
2508510642
2879798515
5548405273
4404517180
4108867626
3208266655
9112975502
5477206291
1640594922
2546868623
9998335815
4138340684
2249591945
3979537925
3896564943
2277344661
4631915945
9544967154
3868762586
3498343321
2844867362
2212426694
4443665483
4032540260
6315022840
8489980030
4520453770
5049433336
8575595545
7630682286
6353143882
9287271313
3975465992
5063927271
7531685125
1588975496
8113649106
3961371330
7951997616
3411713454
4527910505
3692821775
7029642970
8052214774
4408685945
6161939803
3472901806
9142373391
4105414983
9603200165
4126871081
5581694005
7432944643
1142323836
4387899961
7496638520
2955581285
6986348143
6502030430
1282616274
1264565912
3888597263
4564530644
5378137166
1303526324
2840804982
3206873106
6007226805
9227001453
1277676735
1512819840
3692307080
1053001515
9018590254
6367507403
2980603345
7248063572
1425872254
8921290685
6169146782
8227822153
5274757821
3693283930
3389976133
2631968220
5104437752
7621879812
2182240616
2877868910
3649673322
4712652976
3308132682
3960033475
4738966610
6786822696
4733531913
8950462102
3714968703
1863710940
1468773552
9246404296
5159146871
3594625462
9842346242
2603801524
9219332371
1949334085
1270681156
6359578890
3153442176
1577087282
6051949982
1589390154
4364768214
1200019424
5724655683
1132034735
4596945146
2141120656
6700182344
3697956986
3884038620
3965121484
8127951344
6885145186
9401310601
4060325522
1343881416
8808732612
3066543583
3497249383
3875795442
4090634472
7432064290
1157456381
5805418581
9066428965
5260430674
3319002632
6116650551
2730122975
3139651104
3425228041
7544127006
7892382466
1077170102
7674874885
3206878780
2284746240
8347321721
8429964443
4610818892
1859279774
3975312213
1897768353
5696382554
8128109990
2948428081
3415718504
6456847762
9165837973
6031394854
5609853200
3316911710
6802544184
1410336130
3637319626
8979562303
1396749012
6627040814
9670447835
2799152716
1016039043
5016929713
4756636216
5897284536
3271137144
1263934884
5078460424
1002544771
5382796926
8112392761
2837712194
3636645401
8473803295
5371447362
7053958984
8371960483
6019949714
9065418644
1729906732
4494841153
1183451894
9259655193
4451148973
8148069926
9024203860
2326884350
7402656586
3200426036
7162693333
6528477255
5251824550
3974820846
2656977234
3604558436
2892329020
9032744663
2593083220
5162727636
3693761455
6321384090
4844376482
9568246085
3374328985
6595819650
1878835475
1481139671
4260483721
8404234882
9698814661
5165283454
8090709395
5350663640
5066320696
4029956140
8746829313
6362733882
9403384384
7955019730
2483561555
3695630341
3326269564
7710662761
8258137042
8569920542
9993867111
3681695065
2939154606
5058465171
1029085654
1647724035
6430867730
7448732896
2259338664
8706038541
8063376602
5327451113
3889559590
2409350613
4333148470
4148443736
6363127901
4279518250
3148926970
3294237553
6285411156
7733860960
5683229845
6894129410
1234645193
4676681645
2282790694
6339485751
7508216236
2062555375
8416533543
4515694363
7070332570
1515141434
7078801295
7730870556
1684383046
3029953043
1856446266
9814858001
6786835613
4240672155
2404923544
6595963511
3154781453
7411510772
4598593521
7877621813
7700784696
6723980675
2719037156
2383775450
6113860351
2842400293
2848406260
4062924961
4670077451
6106677043
7691843935
4128505511
9555262010
7363204645
7314148450
1396152645
9646502110
3413332753
6421448375
6994349025
3805590386
2174364846
9569369423
5636645954
4558449501
3173732892
9807354690
4592410712
2727484141
6276506213
8258210170
3155099393
4528529714
6869504224
3261075204
4041923701
2329288371
6207599996
4245381416
3539890885
3868729675
2413148216
2155048792
1487551844
9639803806
7503159145
3289873941
4587002361
2260634316
1601173560
9158465525
3713182782
1185092090
4909202023
9524516341
1898733664
3322054223
1532823224
7966394520
5134068181
5636440180
1058629401
2165585041
3077237833
1525739401
8012064174
2702903125
6309422556
9027613884
2924831055
4283188803
4671351344
2330060666
4884121340
8487536842
5548278584
9648830866
6571838195
4624977615
1202669613
8932224895
6991234585
4520040641
8992252054
9783605591
3847019120
7949351141
3173213761
1560630433
1633689654
9420530070
7092554070
4667403112
2739614474
5537227592
3200285955
1741602822
5140927492
9834271473
7531726090
8651942084
5695469953
8416680274
3696828870
2546714774
3328866096
8300812870
5553523356
6971325896
8347353361
5527258100
6880435111
3474781240
7630630976
6686839003
2843177260
9838038991
3979260445
3694824906
2580127141
2580103901
3510169913
1032664102
2879163663
2269531762
8148013241
1666348154
2490847660
7907710160
9197584071
1084607274
2358383344
1945325524
8064097543
8979594422
8298177355
8308119186
9156201456
6995002770
2696447762
4009312156
4685196143
2867971875
9988447803
4365977825
3789738805
3889623835
4646442651
4936388730
9819319915
6665304796
9293084161
7821392854
6269638443
3375099335
9458455812
3106034956
6116628895
4291009026
9719629220
2596487832
7880359270
7412292576
2064360126
2444208454
7293110506
1194634733
7554380621
7219303696
7305360042
3679134756
2122393453
1435335230
5231583022
3300641676
3807876553
9197396224
5161758910
6451359865
8449412053
2248769880
5986168591
7818422006
1504707035
1393380866
7296028935
4184229766
6441375452
7901138906
6442133821
8746960541
4978620566
3880062970
4090371504
8090749225
1137759184
1898764453
2076751902
8971203883
8198730330
5013462926
6392147425
1269788645
9116790185
8621689720
4821072211
4707130260
3690967490
4138587460
9649426990
9032661164
4931980830
7087920534
1322007315
6651750792
6681933823
5487032353
9117138085
8705755656
7632923126
7295543150
8646310131
9712661372
4105590554
4535950510
4118742725
7110789626
2605732651
3966480626
1375439903
9603194812
8343956563
5809036844
1179702893
3315710834
3136006134
3649891195
6768113855
9026025396
5256696653
5632624082
7012361473
6490019550
8584360002
1250688946
7967520680
1939530460
1066029845
9544887461
3975639684
9259726792
9713972380
6680683822
9504600770
7550311381
1591468465
6241321424
5858485710
5055757652
8585776065
4942539571
1093362546
9904137110
9488926683
4298041915
6392446115
9504167584
7833730391
1572717731
6473024110
5992366203
8719388020
6999672956
7664838661
6676363971
7092285351
9094915900
1261876022
8127950040
1170355141
8599584895
2955348664
1205445743
4558472844
3137098716
3244291153
1515923511
4131330593
6089674371
2730498466
9619201642
2571946694
5088009146
5553538992
4452405602
8012480070
2250498670
9839190410
9714467206
9571243835
9771018611
1197555553
8082354184
4815058216
3083936553
3717135380
8632327314
6543923035
7496778306
6208334241
3378960351
4018862621
9448955611
8094562184
2940745662
2925975710
4709350634
9420337323
6007425071
8473205252
3440409991
4241508972
3419889896
5506033606
8635522416
7876146014
6240239331
5766352141
3034122195
8573184126
5394147065
2910852976
3416867834
9448943195
4667399601
9642316250
6572081165
2814774760
2416162980
8509271610
9725585192
6491355835
2838045486
4993336176
5476687635
3782870490
5607149833
9027761713
7671732331
7467569012
2891269032
1490692232
2631612200
3199941323
2064239833
3744324172
2926398801
6025029555
1370888842
4017080185
4528153991
6397321965
2129836671
6759609846
4184264103
3314611101
8521402971
9228756493
3482514641
3448611331
8330628924
8571913394
6315184665
2347196316
5828953970
7723047102
4920337472
8340055006
2516124785
3997589503
4567024125
3769648444
2841794115
8082963405
8083851484
2661427591
2547993346
6179312952
4578559403
8214564540
9417329375
5796953514
1479759691
9219650650
9295124506
2848383370
2748148830
3258859041
9725326203
3141845206
4473914756
2719260025
4756660720
8408889160
5796929401
2441524142
5241116683
1532931831
7447950436
1850910246
5524279003
7383909293
1048076805
5594401536
9925280584
9029512634
6765489835
7927462045
6978860092
6068060994
3978267624
2482398472
3091730541
7715214791
5259857912
2541384064
1558190955
4386255705
4585694293
4259297803
1621812286
8121357753
5251764011
3980061551
1019239130
7467161866
2560490494
6951165281
9795381245
6626377085
4358149014
5477141865
2366661091
5734351033
5337642343
4530447622
9408272915
3065751662
2835085153
4042418262
5734520352
6268453096
2843550743
6686865080
8537876421
7432973170
2482470362
6016542416
7616326270
9679969983
4650477731
2842994873
5314286283
5067530020
5337990910
9078178594
2665300212
4254048816
6457353103
9029802666
6169163055
8258638474
9726184123
1966212500
4729117212
3200291010
6097486802
6062804226
5548576972
5229479695
2129848103
8991863882
1740296574
1572878790
8247043140
5536851843
6778242472
8012949851
7340887702
2843271605
5828880363
2759843225
5054185883
7774916376
2476119310
6188112770
4691036744
4829240253
3696440926
4880057475
9774393462
2617632894
1425602824
7730667453
1578655831
5011693271
7632230255
9656293732
9839007043
4881235822
3138084320
1077693831
2632298491
2913101321
1426966004
1090860746
7447445040
6001324151
9317751855
4009364914
3880514890
4042474376
7980235314
6368238881
5738228952
4837268004
7924455210
3635144096
3443523941
5954717506
3787654021
3031546232
2844905652
2590768563
2927616134
7412422721
4120202763
5640284075
1630357050
6431591692
9567283180
6333580481
3874168141
9156398425
4740976450
3110542422
4641951156
5414575434
6765717033
1600879486
8251168236
4040319964
6700297111
2674028162
8730331094
6625526541
2652240640
6881802384
1283621544
9219432261
2841151806
7022785604
8449609405
2343393651
2918309472
1553774821
7819910825
4279639582
3874185836
3433213490
9917740545
1527936082
1949593284
5753751006
9911631240
1808866802
8681308834
7092533280
7337551340
9562729315
4739852843
6062869816
2358321475
2960631015
5866199846
5431923431
4131664386
8096566855
1472982534
7576010514
7553142365
7719024191
4483280981
2569316186
5241050172
8085953190
3028875430
6294370342
8447552525
8447290740
4530342563
5509410185
9016430220
9612607745
8719386852
2061153931
2585239193
8006314341
4738635370
4382607552
3075115525
8248372576
8083559901
4304438832
4378830610
5815177126
3569211796
2574857143
2291710455
8963365714
2485975376
7809242490
8265866022
2580694546
2989076263
7565903936
5163563495
9911028816
8649156261
9031114433
5078685905
1428961564
5562923063
5149285853
1032869272
5078631644
7981590422
9369411063
8458997901
2048362470
5021959843
2978690002
5423176323
9286142106
6991687614
9527611973
5524246276
9409554324
7171521210
7948940016
5594645350
1553989496
9022122292
1828347500
6320226931
1520806825
3084163574
9998386333
2871742591
2737035243
2259552680
5704469142
8585983475
9516390133
5166851900
4009228086
9645772861
8737367774
2366530401
9149514161
5146408610
2013703543
7243598854
5192355615
6324106913
7925249253
6724129882
1123502715
4557830336
5008736902
6528491340
4043001756
2918012311
2350663173
1016228242
5334616022
2912954015
8098077853
1570187253
7394334566
9842628401
8052507271
7568691631
7187397092
2815141582
3470830591
2266653082
8736773651
7146292440
5638650931
8339527744
3967116543
2249915533
2047636430
8414082655
7514388055
5826718343
3980243363
3516725155
9064792634
5150033173
6316280250
6381103326
8098894506
6374990532
8652013683
9885448274
9524501162
2815031995
4545046015
2512634806
9257963503
8179560465
1054126533
6422875266
6031156530
7441004933
9168041573
7544143036
9984524104
1057883363
5597127852
2263485733
3732696822
3137994333
9219571174
9658471664
3787442315
2796627820
3330295135
3159782931
7143601334
3111739175
7258985801
9420723690
4321711284
5479147645
9562114170
2826715555
2347195701
6045253185
6827182596
9717716223
8698650726
2626712056
6115316395
6210904615
4876351922
9062061046
1976866522
1263190213
3845770110
3971423525
1888597933
4803953825
5010329026
3281366874
9258934145
1766414230
7125658691
6096935051
2437836435
1145414314
4576052913
2119268782
5016549484
8525700960
4710286744
4457623505
6422921842
3979330224
9745006246
6201204004
9714082733
5431906675
2396976002
1225938803
1251451390
5067269336
7107228332
4443468794
3231669291
2220522592
9259603043
7029646433
7152857806
8975518171
7162630123
5607626570
9841697014
5393968661
2110034522
9242989851
7564241193
4440856663
3310577852
2512527205
3415552615
6034634104
3969994803
2480495290
8083305576
2107017441
6691113192
2783436283
4378796203
7931369843
4568474665
6381249206
9568119886
6912516192
9712835134
8986557414
7986160560
5830835220
6325320805
9975721081
5337788374
3037682480
2061581852
8095489426
3695407284
7333971105
6052692262
2399193812
2281535970
2806415754
4189960316
9517323852
4608589075
9774422630
1145389766
6181367953
1580338056
1519087905
5990101692
6483831465
8809867474
4009193845
7573398770
8737348362
6115369035
4407670212
3030987676
3971454874
3266440041
9292480794
4504525734
4718883971
2747847631
5249978160
6311023526
6639647615
3433029736
9076422272
5391414184
8646950211
9780708184
9713799325
6634998856
2429422446
4940662705
9521827921
3083922564
1643854601
3081749366
5554408053
3798953454
7727723846
9717741810
5228537786
7954149873
8441972593
8489967054
2828873294
5442888850
5229212505
7345457943
9191311754
3696287755
2484631844
3749113620
4040214485
4917775645
5765047330
9715429964
4472095784
4394312720
5247173396
3969199312
8707047661
4803928194
7674283691
2754459945
3975166042
9670430700
3419881636
2459832314
7313111142
1455202394
1026077135
7502707531
2490715905
5256074526
7200241532
3111410444
2346794472
7214051106
1261292546
2898193211
5481834540
8699969526
4552911764
8278520795
2258249055
6837450686
6931812521
1890772914
2802069804
9635344401
1086353634
5523993370
8413263202
6881985305
3368980753
8064280195
4173654645
4718761600
5599660404
2444329845
8038396564
4803889016
7111134881
1924037043
7900331003
3973545225
1435240564
2842247461
6575758206
7362312764
3771084155
8117941532
8063882853
7220908203
5350703691
1507537220
4214150754
8095082052
2845040030
5252540985
1899365602
4844310645
1359076434
2519847794
6491296884
2366462350
1464730046
6161937725
3141488792
7514539351
4147583436
7321679260
7709408803
2257354713
6485662396
5491783964
9629896091
7002853723
2169878631
5954730014
5634617553
9297125600
3997725200
8211763556
5586594020
6587517296
2347181443
2730287571
1464748143
7164787022
6543963742
1330962662
9156606244
2337186600
2225489674
4017196352
4720110496
3961787782
3083863215
3096182725
8809760466
3823762541
5764728900
3253272455
2862841796
4343475533
9913019340
1332524454
4456385102
1449143485
9804750583
6925836153
6197511143
8173661042
5583713800
1522352930
7812233730
1032933355
6034453460
8391553914
1578077616
1576917296
8699307061
6374863714
2121061106
3883900742
6681758204
7576074192
3065786953
3174678135
7881039740
4547387600
4528441562
1417296893
7500284245
2830977321
6447470540
1169625811
7338503756
2225108535
8237398120
1423331781
2160724403
8472675783
1900407121
5191628466
4679312002
1119050354
9790080473
7291352972
3350185974
2842436391
7865135655
6288233685
9301493795
9635836486
8737382360
8162426635
7949302826
9914886516
3123554372
4327695820
1428709096
1034490354
4043305464
9141005926
2129876372
1220013653
6478322955
6211285161
9680835813
6606613440
3284344151
3313813311
7441284642
4530488664
4283335232
8094904300
2196527513
8559449651
1851515466
6759566892
2964475883
5337653742
4469192836
7689307360
7986867523
6554123030
8754473512
2490847741
1713982071
3291010601
8091613165
7095726945
6052622052
8209107782
4528257182
4017177043
8378923733
4862138746
2250827062
8809218670
1531319554
4321828420
4430948675
5976867632
1189173451
8934863184
4176338574
3415835463
7362716152
3803134285
4709304725
5584320560
3978249903
7883813066
8235162316
7671783140
1302683594
1557813412
9916160940
6273690791
7092951493
3152219626
8740166024
2301086314
3400327011
5551374323
7599990381
5067552556
8618043626
1463604085
5198284383
2560793723
7551047523
2115933551
5653441301
9073940433
2925107780
3326619601
9896859475
5583765552
4029879335
4788479032
1188372780
1916964733
1239840545
7579546402
7767683243
6852554656
5149749640
7516571554
6097030542
5545774846
9151279970
4908448134
9571064974
6973243060
4597502022
1675776756
1092449256
9240423732
5586780695
1833981844
6523595746
3886785501
4184458353
2620029440
6307909112
7259997732
3151410754
2245996992
2569593062
2529489723
2575089845
1564646823
3821987923
8706534874
1739817435
8651861816
6431693122
3281366992
2754893606
7161361126
6502985576
7088926121
2395827442
6857965111
1903834866
6630207290
9977661293
2477460296
5528643223
9464818311
3693667250
4422811654
7244394275
8737869280
9219762613
5528477080
3385860671
1094404345
9640550754
3709471710
6405621655
3388776952
2795646696
4996185880
5995485624
7833016634
4722887050
6501963005
5371119795
3506983104
2272458182
5878151370
1331463464
2399521316
9715773384
8417355133
3804383100
2871709072
7691518203
8621991674
9170064831
4453192774
4231533331
8094404710
5544277550
5511732354
1816496242
1576911593
7368491502
5256179736
5546969816
5768534446
6951225993
1495368383
8162446331
9568658606
2814983150
6625993220
1525495860
4964786713
8447195982
2814836846
3628164326
5790943255
9738483753
1945187451
9449376226
6357888876
3107396994
2522333855
4988857160
6931252005
6628939225
8580559282
9165591492
3242841313
9659446764
1057188624
7981107724
9545586002
9876992274
8979898060
8404399290
9608105625
8217145532
5465933701
3061744534
4925002821
6402971282
6372838721
7146109880
2444467712
8530508405
2584616646
5767529423
2149970955
1975928430
4502933013
9053021364
4094495016
5990227880
3585268341
2167105441
1791199675
3475249002
8521687403
8096708524
7030589613
3337807395
6726165176
4184001194
8108165446
7077355014
1639964222
8379323411
9645964694
7112795056
2282970712
8704538581
8935562495
3029522521
3203549521
2017076644
7906295261
7153690633
3537474323
8910109482
7981628572
3383196670
1444659274
7384584395
4675070315
5478866234
2203477253
3357283731
1445359193
9190587991
5162646156
7590662181
4942179944
2009637803
7550488050
8243035054
3644403755
1098387290
7715555293
9514890173
3319132574
2119633972
1802393353
6240119443
2476155942
3756672382
3997423242
6825083635
9151547285
8652673400
3875901982
9066486203
1865122976
8680566985
7644998255
1883526982
5178415196
7215440783
4857638726
1398085802
8074267482
8447106861
4018245674
2572113703
7264383033
5114321870
1681350624
7972760084
8409059735
3694595715
5410479126
4922035425
6759813771
2028196660
6293220625
5371353890
3268127844
2718977004
3685576300
9717241914
5067039600
2795305354
5565280512
5239100053
5688008314
7480652174
6277742741
8012682392
1419846120
8746199346
6421532994
2484518363
8299171812
7461946984
4333859110
3084184865
5163361711
2716995363
4473990975
4519706785
4102999563
2889685875
5797952204
7798228756
7338562151
4076668831
4333728626
4624957330
6286779811
5779465425
7311425483
9506758262
2214340494
4602743213
9157840355
8063073874
4693347643
2841874711
2998389881
7368354803
5753498461
3993778191
1859087451
8947666442
5754265812
8093876991
9834638892
4134310283
2087574495
9287323220
4031902604
2846231942
1575637011
7699907261
7740418711
7030604766
5470603051
1502619823
6170334892
5512135554
6405705504
1791289065
3978815094
6677522670
9670411240
1521950905
6370720241
5117625656
6627088543
4260545870
4804516485
3880546515
1766398502
2123285080
5099688650
9914867152
5632616544
1064510064
7134755622
7030098740
5537796320
6004770225
5597457213
4138587644
2863098114
8093961153
1848851163
1632364064
9191130900
5117956115
3475357970
6314844701
1740217043
3846167861
6730501595
7067215153
2222306774
2891444905
2086581416
1301031933
9656398765
5095365483
6502716776
3978320732
8549527630
9455067182
1396184145
3122886675
2636641044
6599908604
4043264525
8566829250
2632162164
7210077442
7815614251
2795259246
3692819174
2257269571
4129094410
9947734716
2286752786
7698262670
7831734783
3769739105
3996404646
1612114335
3969877122
8295111812
7010828860
9527966851
4858785002
5562804004
2224523910
4430837880
4568085126
6635152160
1312608592
3734238675
8992363413
5101541104
6898553782
5633694242
7604780945
3117775754
5397246632
6925545524
3293625834
8691260410
7740254034
8270188813
2955273694
3778779723
5376056136
6057355312
7210468812
9033661991
3509284844
8753766932
1284686561
5006543404
6989079296
1429022965
2997610523
5640296443
7146103613
7362295581
4646753005
2629194820
1034332843
8041904474
5345376746
7008612715
4210870274
2786664226
5256330715
8219037094
7903602685
8513764604
3281531514
2000220305
3471135813
7135012463
3465091965
1851341564
7966376493
4912911286
3370489032
8142302033
2123155893
8108119773
1669393563
5491863366
8915055365
6169370200
2623482341
1704428703
6068818965
1803793320
6782377630
2119051664
6775730942
1630872390
2841343761
2795593570
9998189725
4721903351
5259717201
9682808682
2429770453
7949574301
5247367042
7698106920
7832707470
4021663380
9196656781
5106038243
1766342966
9569891553
4044065395
1340072930
2826037001
6626695390
5821750524
5378238095
1311304772
1958991075
9453614612
4443531013
7053236735
6485428751
7307366032
1949475091
2127031115
4876397186
5117876341
7067579956
5653515350
4223383360
5636717531
3191270784
4118965281
3854448312
6426579526
4922134092
5696408056
1179693690
8447412702
2104938032
9761816072
5880657683
3309905804
1570037512
1798113332
2811211970
7621659205
1263080486
4654066001
2256902023
4366014030
7187703950
7164647711
2513222972
9478082062
9889358452
5564497256
9717575700
6778314071
7519906671
8736107391
7311402965
1205235566
1239856763
9868523910
5827360475
8513743416
6744965485
7446541465
6623859664
2142501491
8243251225
4733601751
3965303020
4881064322
3661613712
2993854592
2013687443
3742187190
6730582294
9417433896
1210513765
6961707314
7070495062
5639238990
1400304430
1877083806
8323315906
1321766246
8447135476
9782170764
6352064515
7903381942
3516939834
2048342542
4667181094
7651216812
3166113941
2736746456
2843958795
9117292240
4280735550
4041075253
1916840726
4712384235
7171585341
2076654823
8523292676
6561717676
2092138134
3350420931
5191599980
3805316104
1878857890
1976623633
3137747362
4452289074
9455118680
4682133481
9475418820
8476808325
6316394630
5533194881
7067376035
1034661526
1262876845
2605801225
1642316896
5236524720
2899258445
7595168501
5025309133
4492506690
2462951702
6408055555
7948482205
2743979453
3977593701
7713693761
5491622091
2087597481
9664782842
5155140970
9998226604
1108033776
2409243723
6012624240
8005397094
2260297270
1169587042
3315937870
2519137375
9142229132
3972771040
3351399100
1290453043
6588641415
3078602225
1341069096
2503617642
5091923491
1541508986
4416020604
5995227512
6430826043
5439439493
2245390162
4358118074
2992254985
7674723755
3701672321
9449552803
3136778186
5733285261
7215469376
4056831262
3284099022
3484460000
4908646842
9156197540
5768141304
2189082895
3484344312
2035545934
6635199922
9984714541
4544544082
8736513111
8454867024
5467173703
1968993073
2154002373
1626485313
9648782430
7954088111
2225321442
4943279423
7345704520
1772105285
2767071521
2284391546
1624741904
6457668361
4504810376
7527870055
9502885556
2692241565
6430912331
6739158790
4341579616
1780073772
1822967031
3099826796
3078651085
9231977974
8093022571
8991699791
4636400871
7628397044
2192748412
8172909905
9552561675
4552470020
9801266274
4901610711
5643856013
2903883076
3130199973
8445304685
7731374081
3965660790
6348076906
4632240513
2371433750
4543976544
5164982745
1426294144
3099853175
2701912323
9774390054
2665597944
6767904776
2730489436
7475554262
7849814162
9107018384
8691090284
8050539431
5016244892
8472008716
4157027910
1159908632
9260111954
2248630285
9196645102
5581735364
7609936051
6723891845
3358618200
1241018004
4340310995
5999902042
6987173561
3851703774
2913564231
4844505374
8704276291
6786912871
3537312645
2910510444
2181782713
2829298813
8296566972
4861963024
1045592413
3622077896
9645088692
1047997930
5327751376
5957471402
4345656350
2619140543
6042120792
1457724870
2842086656
5827697606
3455555865
1131691632
7402206243
2746092075
8404273522
6196224436
4131211534
7109541014
4483507722
6654209951
9789947834
1130475975
3014066974
3693241495
6095811190
7551258411
1647718446
2220418303
5633457911
8272455306
8380440692
2192669721
4544473496
2485688575
8688880314
2155661126
4768479553
1284294476
7129794943
2430653061
5510307891
1735457706
3083397726
4628970371
5134024221
6490327966
2152573194
4876406555
8809416335
3420066963
8704695031
8572283904
4233024213
2347832712
3996338964
2726000222
4211274351
4604702491
1468722732
9219825646
2564223992
3136732830
9885536883
4119562333
3037784212
7671810241
5567767074
3291066284
7926325853
3342101593
2574615315
7506937583
2218756271
5814836182
6456268420
7402622426
3443927174
6856922063
7074878624
2225055895
3962501690
2359285386
1468469693
1535117496
1960335392
6771113694
2096462701
4812177801
1284713135
4691058455
8096165582
8725208155
1772782933
7664788541
1487215181
6294454095
7912782242
4544350053
1595463321
8320905574
2149714431
5076893872
3899210991
3722881116
3225528902
4011012854
6696966113
2122234424
5838574921
6837377094
5165178723
3415938444
5374466436
1944355276
3309904382
6836279973
7033558210
8706162496
1784940430
1186087652
2430913726
8809773560
1646433261
1130017523
1236227834
5997652754
2703296735
2446012822
7730451120
7876353671
2259270414
2336461481
2580466722
2443140442
8704840126
6000200544
7698153363
1616016415
8318448250
3344097864
6351536612
2959021796
3416016306
3473793212
9781720362
8118911360
8062485745
5053921423
1108657686
8404752226
4340336383
5241043231
9375699384
2224997891
5599154956
6767762293
1202820474
4587857002
2670634551
5921065216
7053927436
9795387770
1706084542
2028211861
5054035770
5380791253
3060918464
3271706815
9567626891
9504135723
6269186066
3472830690
9716618133
3960436701
7562034325
1184753581
3036175461
5980622631
9935228936
2696506691
4745895851
8530698072
4025989763
3980022001
3737045631
5512076931
2062715410
8524580481
5505286312
5128269576
9060476736
6510196906
1332467161
2607174032
1426165683
8339940954
5274576952
6529638920
4982877222
1258158436
9570854263
1056792155
4883211130
1840112606
2844620181
3413661694
7078600583
8339505930
2260594070
2412805172
1362816991
2541350954
6332786445
2828857673
2841074353
1205417710
6502566943
5587912934
9555271471
5163911594
6473287166
6726523263
3181245056
4587066024
8700499345
1398310955
5335078641
4788456201
2403425496
4171093706
5054577986
4646431333
5397011653
5396207666
5786744110
2013738720
4042214212
1127366122
6367360580
2321014942
1326280793
3484245962
2670610191
7580628473
5391416461
1630769700
5586766356
5798202222
6863397133
4199877533
1566049936
5189913330
8199887080
9646570054
3966970582
5259575613
7086445892
6163479000
8705888144
3620932265
2766010295
1495810956
3142419055
1825064640
9078607565
1396571245
9668770241
4966418564
3976116406
3177824576
6468108172
5903140073
5524219374
5195662146
6043865354
7267783611
4071920823
1322080524
2579518336
4666616581
8809241674
1092415682
8094343666
2096267191
2118516234
5696091063
2321383326
1636576992
4579319404
3569632430
3334928645
7955711201
3136995680
3719115061
6052948532
6687473446
2995255734
8319233285
3202150696
7447699103
9914131415
9351692232
6081501506
3821938212
8114454445
4598558532
3117690166
4653039510
4046228454
7088896415
5734178494
2171862630
6354169006
5067562920
2143991076
2814938674
7294755753
4913425591
5770060774
5156191036
9797239093
3433087685
2154810980
2918604220
7671761565
9524608601
9640098064
3034055566
9465268901
9702473815
5065269974
1871251163
7200024381
1512720182
7728171872
8705369960
7923386656
6853253772
6870009764
9352582422
8510170782
1769725926
5599331404
8240542936
1019299363
4108821172
1437991310
6792922706
6916059861
4866624840
8130964262
1302784766
6639331635
9876258114
9717679554
4005416122
7514468382
4021678032
3065707201
3965115302
5788553680
1130147675
6674050681
6097181790
8123360420
6491238003
8278520224
7307532341
4025044122
7698781451
2801687501
9640342202
2967473854
8473209216
1047960351
1740241812
5826902922
1224332535
3331924142
2007701581
3137650924
5618476194
2877833862
7428903591
2284775091
3993854524
2334553944
9911768893
8487559312
3326297402
9715694811
6563831212
6349942502
1960462431
5596909150
5571672061
6030907293
3681908296
8455891684
9771121161
3869192751
2868056461
6923359332
6501545363
2154301855
5408737515
7850090430
5633812085
7210565040
3039397690
3357033676
1621609264
4631780016
8681025754
7561977275
1159289972
3475701213
3749349284
4971387912
3624946452
7014052500
3053061690
2235967322
9619468110
2916012326
9001957790
8513817303
2094497941
3962688435
9570049414
3034012903
9061684870
2223948941
6266922782
5576128865
6823556051
8063797652
4265545023
1418983580
9403745584
8178649183
1937935941
7214886615
7220747682
4644585444
3824210213
2755437705
9725785952
8442148816
6109657315
5513726212
1591332035
1455457415
9635842705
7288860283
1098345080
9915556991
9863844992
1507199864
3370778320
3694346994
4102877505
5067560853
7918753065
4814973590
6055281260
5055119521
3313560143
3293740472
3304664801
4636663673
2665389182
4445939330
9454477701
9260132464
7419443242
1084011003
9795334032
9717416122
2255753253
8378932402
3142430900
2396786173
3969421260
5535149981
6898241836
9113091385
8600182695
4191285162
4518867301
9031204626
7832482873
2194528151
2143900533
8618159060
7291675554
2464961785
3759659256
1362135946
4545329530
5252540974
6039476402
3440476970
2579140082
1194532426
8706718731
1899307395
1029170855
8706951923
3483534504
3284137500
3522355233
6750942240
6280534050
2516126406
4341640380
9917807001
3569535583
5128290171
5015917605
5979110045
8721828356
9499634701
1626527604
4062951325
4265609036
5010590535
2412743266
3137847716
3516818152
8372340664
7701213936
5371767225
5150091100
1179692474
9504801165
5236561713
6544978952
6493815635
1105407240
7898682293
4900338181
6090389771
1809089940
1742631962
5067468630
4880468655
1201784662
3797613293
9571621356
9465441996
7312975493
9913387945
6687532040
3410012771
7466896802
2630081160
8412239356
9243668711
7134984275
9667051170
6931400781
3357938883
3579945445
1170287193
1768700791
1261917020
4908540630
9671362761
3625207784
9524574920
7093055561
5619809683
4358105942
6042601121
6006835822
7972830364
8372358363
4298015890
9026052523
3386035354
7807457980
9870462280
5333366312
5135654694
7125781003
2860456056
5665504493
3691746015
9984747581
5543955130
9158548011
6591239211
1084214095
7314149150
9227063473
6000362384
4279442764
6368400345
1238839766
8465662096
4284335602
5371385725
1574040532
9925709743
6293899684
2649758996
9228735515
5007811454
5076930891
5314213074
6361124921
9190894440
7033892353
5562525920
6307867134
5835761514
9839216063
6018136261
5108278545
7691083514
9834878675
4550921513
4031780723
2675818865
8979943766
1047031624
1750958101
4535814765
1744334340
8726952393
1920458094
9612521122
4913670996
1052586721
2395959156
3467714423
1633417763
1372608252
8530398682
1449196534
9863665206
1519245420
7819530692
7878713743
7645009923
5239085294
2165956251
6315113335
2289586515
7431842655
4804135313
7632810275
1036273280
1517103560
8251359410
2574935215
5554200256
8306778771
8214428865
9776664295
6691148321
5375573405
2515388993
1864770655
5586557292
3768424505
2402767872
9097070065
5422383680
6882267276
1531046053
4974816210
8074202113
9571602320
1264718814
5000925123
4333754622
5642047040
6322152620
9524608822
8705676405
8172740376
7412939881
3787430275
4042975274
6306884415
3174934070
6229567190
8476889794
7691137252
6696238323
5146699585
2651728516
6478692662
8572466943
5734393954
4912816215
2580059204
5642856170
5165365564
2118557453
1647344366
4532900551
4440346632
9799846302
3455630754
3639924831
2475514495
6266870750
1256904622
6060646071
2181892392
5181028790
5510323033
3823812031
9025918311
8111697425
6367655932
5149838912
2401888064
7674322854
8082270803
7730660921
5377245274
7307937814
8950130276
1883694385
1606445153
2463528465
2731721672
7362682386
6930896114
7093033323
7123102663
2231935635
5633090724
7561801962
1002925711
4691637425
4679434185
1920354715
3077385183
1633639663
1460131643
1114128164
4445729293
7143805675
2399219152
5191465705
5511405001
3218853164
3154731322
4041549341
4852498700
4973020286
7496395395
9719242875
5641497820
3966626812
2841558941
1016679930
2541324936
7814035095
4060883282
1791265335
9902957606
2916376746
4019659265
5134497826
5019918385
3173895723
4518657721
9529325595
6442420983
3693868205
9700412492
2502872105
3698621990
6647049835
4807701883
3816143855
1903251313
1077058581
4535280514
7164610272
7110775696
5492439186
4738282636
6898390225
2556739780
2110106972
6681527963
8467678682
3334815595
6561644493
4040484836
2118435476
8082632972
9569252744
6491605503
9786305690
5404752253
2891413092
8114221824
2289559171
1042348510
9571351742
6533333343
5377905341
8632412036
5191580380
1481139682
9018733043
2062758994
3020835090
2841346826
8053086440
4571615661
1713529565
9998784703
4996640412
8370873560
1864670975
9716854195
4497158750
8300963171
6071540090
8189256412
9716835623
9064816294
8378993350
9219885485
5505939272
9281273341
9619435000
7314108524
7954776395
7876026782
1640794223
8218776963
6431552363
9571478416
6525457164
7933607463
4409111744
6543921812
3987107401
8736765774
9842675404
6907562826
5240833360
9370028006
5001006592
3176466985
4965162893
6034630383
1646352584
6626901433
1422050696
6688981751
6116648230
1978170563
8947460314
4490015891
7735351400
3138582543
3964523732
8754563204
8632071453
3425610882
5263405851
5694015810
6794391225
6006802303
3736201744
1599504885
2664727531
6967171470
6060678186
9653973873
4309457084
2546894700
7074330922
1100857181
6081502280
8306748041
3988239371
3662918350
8310091053
6359663866
3997347546
6017201330
3159693460
7651410292
2147886672
4187427300
3744379520
4532868616
7550763076
3709280540
4323708933
2665253581
7410644290
7466719002
4207180095
2810948475
2636564663
2429719246
1108166706
4650283374
7291747061
4764604412
3706353254
9518402681
7070547363
3749129322
7306685035
1693219673
3628992614
4985030606
3837232442
2674115205
8380155792
3972646602
7425403031
4751800443
7088680196
8559542095
8344408240
3322590530
5165639474
9916164591
3128579720
5163595791
1647560051
2247728291
5638995121
2264259454
6681808055
5640311596
1976043075
2247758030
2718134893
2898535220
5568460634
9061983626
5865891544
2690441062
5635900292
5008667230
7291408471
3148105763
1305151245
7311519725
1359952392
6628326611
2259271416
1159264212
8118933992
8341497780
1447729861
7609831515
8117485773
8455186036
9647155033
1791023846
1521921752
2737012213
2981608906
3300386946
1179422241
1487031792
4763523984
4870318935
3719673580
3099679155
9243983851
6623976461
2027985315
3371944940
3130165920
5994818830
8754752510
7081699726
8736198796
4108711854
4332917094
4545183554
5121621982
5726618030
7459881170
3061753870
5050954300
1658622604
7130175415
1612475314
6988895104
6494144893
8573647084
1977192125
7417962241
4978727703
5503886010
2289573716
8558365734
2545265774
7506967064
7674764834
6618454021
1791527651
8027821034
7362411560
3611263994
2147971744
8207141795
7012400172
3406720612
2358287245
3078579405
6314706296
1325432846
7732322161
5015212171
5614250132
5991630260
9408360592
4545176440
7966360485
7982308121
1325989976
9569009225
3414704893
3679455706
1140531044
1790530335
3874199836
3787293484
4469338613
7445007065
6744856230
6367516245
8161940846
4265544264
5978949034
3976076893
3473318446
9504024283
2371142233
2260524965
7830401950
5997717224
3233010701
5754490910
8117565551
1591500341
5642038684
2549305824
8256367781
1325279911
4231859052
5259429641
6062972134
5827134913
8053130304
2867870375
4265867981
7553399630
8920197403
6074287752
7259468134
7244212080
2284299942
3284003343
5396020556
8299026632
9639929611
1688890136
5414787195
2632024570
3627629865
8334585722
1463601812
2868792990
5996620674
1649366110
4304414262
6848894006
3316756634
3419945760
2560112870
1257451473
3091761665
1220613365
4090620074
5634407564
1275445161
8251410742
7115116271
8099159084
1309665221
1647493094
9718335826
7397405654
1019278444
6062914782
7516411276
1771227371
1292954563
6676095985
9645953634
8251064231
7030695663
6676105306
3436018353
2826694006
7664811350
1504542141
7985374541
1141066264
2514653024
5191349575
7768680496
1920426561
5524146040
8229658393
9734937391
3654845762
1744224786
5163879011
9915390704
9151577083
3703806842
1189900784
2522849265
1142762342
2478165605
2691167275
9032783432
1973977272
7907631616
1417260320
7512625606
8981926085
5597085793
2556870164
5414601043
8947631442
6561700202
2735497343
8579596594
7703629452
3350868080
2225654896
8648808674
2514547232
5191018825
1579610723
7577468706
4636216266
3314933252
4538617985
7247444212
2663908940
3123819845
5592189201
2632151373
4131345794
2030485026
7520339503
3693309340
8997353046
1140340876
9740104614
8473209006
7541789021
8523109932
8935492160
7675417772
2816661595
5014610812
3380115616
6626503520
3979421961
1361333890
6294064276
1019297344
7171668630
4061814805
9464650812
4975952450
2412759156
6424878670
5524643316
4040257616
2941114724
3974626471
8564343292
9613659915
4136290465
3106015172
3275464544
7923428052
7116269134
6813218414
1969617554
3310274612
7389620302
7442166944
3200136730
2746657421
6016423044
5291856113
7783891430
1311349270
7595323293
7074369256
6441892295
5785470132
8111943501
7554976402
7247951141
4042457904
8114410743
8691151453
1445647442
9148293615
6871837615
2702972661
3225531256
2810396046
4757602242
6574363541
3661606675
1635524531
7243922711
7543871554
5583741741
1045536343
6931025183
7560421164
5732976981
3802632912
2843079820
7951473946
5641188350
7736000414
3400188665
8917973956
6389646082
3484115563
9220368220
7397764076
8108136525
2453261436
6408056056
4528363346
1086923961
1595554085
8319985590
8063110963
8172785132
5167253162
1364051205
3421751701
7445547616
2967336315
7740478082
1361676842
1656554535
3148071846
9301643794
5957901040
2957268506
1104489610
5182999032
7306024795
9230149865
6777294812
8617502246
5423142955
5977036284
5013478691
2205391845
3260359815
7774743023
3662607196
5632523142
5190386596
1905323055
5988871814
2913342073
1639938624
2607003663
4882489791
7354828935
8914037510
6008892120
1397895236
6447464962
3455510306
9232222624
5572125436
5373573822
3056189404
1512782795
2416651101
6241831665
8112115830
2337199981
9229592890
4740004356
8472009055
1898793864
6792703400
9795445166
6500298184
5510384795
3840281045
2552669361
6564157062
9165436335
2289624245
1205282573
3850752662
2338282822
3823877805
6006617890
4869528451
2619190206
3432443873
9715410121
5083846784
8370916072
4636184512
5645453085
2559571615
3279896395
9764609175
7740064743
2674206290
8754546172
6892336710
6700328364
4320307876
9409697426
1856679075
5581546585
6211411990
2955587036
3264338335
9834783641
3278204882
4624999470
2836132913
1386264460
3971562195
8111586696
4536449746
2257492602
7981148092
9833007741
1766381083
4712562260
4258902642
9465058831
5130376355
3620933606
7389573564
5814257724
5421179761
7384874464
6022263284
1367384712
7913228326
7209792811
4346365450
4284060804
5117732303
3962948113
8736556920
2926272753
1141098976
2993141616
8963376590
5592555850
3961016441
3765172460
6893368834
8690922531
2927598542
1949327855
1961758212
5861275884
3124054312
4108419814
4595750014
2829256570
9401551670
3138823822
2026962545
1124125785
2077527406
4973059291
8699885305
5754120374
3993205871
9689401433
7362550333
9052746861
7295402973
8615589603
7087687331
5821801915
6288405863
7906359031
8700875002
5274609664
3271375391
1058217414
3625048092
1725073361
8644857701
1189133595
5768871636
5247385415
3334723416
4108806833
7359623596
8722174882
6967763633
9861930901
5260188533
4738998515
1586429246
6890088085
7448584883
7808150151
3813274441
9912567291
7916945326
6372772954
4333962360
7085854506
3642278592
3144737411
3975054215
8473657220
6792616471
3971600076
5377949673
9369550326
7736406016
6597670634
4756739632
9644516501
7420192581
3899863962
6240816094
5734228695
8113146661
4977112615
5534715642
2707741256
3030314221
3357299153
3124172553
1238938724
2321657192
8912407044
5396037894
6016487536
8179584011
7259484105
9611307930
5465138906
3832640884
3813405540
3964541313
1125714332
9716036002
8351289472
5639058773
6681789925
2405357290
6931340334
5643090165
9060501041
7575973090
5697508062
7644797204
3139729574
5999912262
8577166312
2709629355
1209406936
1464738273
9477265416
8345398504
2702684261
2901824240
1220078436
6045207000
4740468154
8476680516
1189858972
3696290743
5791293480
5291548522
2252615061
4499175575
1009894723
5639135025
2841580895
1362700500
3432385585
4879636300
3806098811
7833709995
3960948740
8992675731
1178395643
7459804914
6334042584
9865395116
5727539344
7077327250
8569926514
3523820834
9717278826
2272270685
5994013476
8947854473
7129691096
2867996143
5177409871
2225062070
8579557324
1516338250
5813846301
4725414503
5739971510
4585551003
1475836876
8521470543
4855583740
1253736971
9478043223
1494694762
3358081742
8411117352
2555553523
5548511640
4711380435
8912392860
3131881863
1955507864
7730671616
7919092845
2037455324
5744587575
7576002383
5753283631
9499669782
4309477561
6440741856
2371131383
7500029725
7736175941
7087604145
8342618491
6787860085
5734482073
1310514774
9650692122
6792640923
7321352791
6089327624
9027805312
9892613791
3868045845
3795910871
3164328716
5007987073
6211708366
2437977511
4007825640
8379999950
1007911155
3644401305
1019124794
4473835520
6081580422
4676688100
3208338114
8374920912
4284663574
5642296111
2336462133
1756273982
4709075722
4214754423
2036822034
3966791883
7814950684
3440307382
6430724521
5901200502
4258433723
4473777022
6180986711
2014134441
8094107836
2139898132
7913661954
3164461532
9057244206
3880203740
1553977331
7212068345
8664410786
1713667616
6648575964
4483078552
6100852306
9165770935
5848240123
4696068790
8513913461
5524795883
6392566714
1828388273
9650266813
4408983843
7430627326
6793092412
8411381263
4808524103
2484083490
1686841240
3135082193
1980844110
5054301280
2125163902
9163760922
8572359261
2892075620
3271661352
4810532871
2995420691
1431893934
3471202346
4325620902
6001476471
3147663525
7832275931
4316682156
8297977634
8808945250
1828075561
7758306404
7267037735
7787367011
3962306541
3740606730
1758321994
1119080535
2912258484
4723403996
3473196020
2695935896
9454588662
3075156162
4812008972
6335111160
4074869481
9607569064
3966771793
6367994043
1578662934
5589901671
9619154591
8705423742
1341215551
5867486251
1355644463
4733292896
2914105611
1133307195
8296564404
6644520805
1873403350
1522028480
2501365193
3455673712
2572046805
8947697743
6410143180
8992844615
5577122552
7674152242
8063071962
5256457345
3660268091
2196598051
7675678301
7543458915
6930721696
2525231030
4254101364
6305509092
3158149363
7460784262
4086452613
4898541491
5083902924
4075004323
4472044360
3190407780
3455856655
5484654604
5401727133
7709585763
9296330982
2591119086
6110993475
9518351511
4841997160
2967379004
8628916656
9220294613
2879916340
5333795261
8219005944
1070617973
4814973026
5539143562
2266147026
6064061231
1542253296
7125607613
2876812993
3517421924
5714959202
4768325520
3484131604
4400683265
5117475053
2247700663
4585431815
8204317122
5103952324
2263536590
9876286523
4125540646
5260521442
9567739123
2914061570
3371578523
3440774820
8950367646
5640176220
6777145653
6095925846
3051488274
2894344445
3260344721
9918446694
3743193300
5013503751
8809214632
2632041753
1269867675
3474422840
4162172081
4680477082
1123508385
3341153944
3813664676
7086999975
6210584262
1646247665
5734171122
5260968204
4040795765
9025429803
9514893382
8687720786
2201301410
1904909053
9567331233
6600177021
2257000384
3806617555
4443386673
6618234766
8707117904
9242804546
4511024604
7593443642
9839193932
6368378612
2221233696
5727553156
6792796850
7087572026
7477183453
4898503304
4880201362
5162777922
1043700744
7821783255
3718951972
8221119690
9283911276
3471177846
5607735534
1580069186
8949480444
6970778625
6916409345
3637970722
1897545716
4256819055
4030247896
1637930501
1706021144
7411941762
2955374903
3138162053
5121300273
2527427210
8243104866
2910398186
4543744015
2354653803
2514806416
7070458463
4550651674
1211966350
6882041386
6392429492
1004209021
7701979320
3358907182
6796589693
6955959021
3722365975
5736932633
1558243794
4423183866
1469610671
2181572186
3301721220
4764718803
5636365803
7612354083
2465063823
4695802086
3175698105
9712878943
5260358106
8979456500
2334643312
2249397835
8700203993
1509363170
3702853372
2118367392
8455057295
5465881326
5510247201
5879664442
5899656033
6662368753
3415848376
4867459741
6211672935
5727467896
2149773102
2790877073
7850289510
7383924166
9916212342
6315358630
4693232622
8687450870
5444876323
8379044914
5401597681
3988000052
5396046795
5620640373
3636470865
9925293184
7063551924
4961180652
5527300133
4740342526
4425329230
8247312194
4041137774
9636305114
1616276012
5768183503
1528087746
6219083194
7813616930
8267654275
7982712581
9698995891
7621664606
1728748195
1372911363
9891555251
1883243865
6498303733
5350621990
7154255242
8031508914
7675340525
8038392353
3793656963
4106236864
6096522180
3679116980
9136554475
6930752835
4613028593
7609724441
2169746246
6169099263
2881860590
6604922623
1101763261
9571920466
2547939295
2915909861
7475458760
8425277501
2882642442
8681322871
4496593006
8529253191
4923842851
5252583921
2142759010
6020233026
8754017521
3390377082
4537772654
7033509103
4876218885
7664660706
2650614245
5340594744
1366001394
5156160903
4005454202
6837723200
3972952524
1382142963
5511825642
4104696256
4042457742
6081470695
1250509584
5544332592
2960202733
5444258621
9925603671
4856855426
4905110033
3308239513
4917831435
9259057043
1729338413
7146270666
5229264062
8615269585
8198776316
3084095976
9904194786
6903497845
6422759641
5565293580
9568823703
8180298512
5345262543
1160023826
3409876260
2182206946
2502887273
4430233463
2224965083
5373473011
6024415552
7267809312
4177227456
5165288785
7220856370
9719411995
5480953376
5492523912
3271288952
5992389830
2122310540
2289459314
7278496584
9925481580
2099505225
4945841655
6587190234
2593097183
9117440076
7701061922
1445517441
1904939713
3741162235
4233129740
9562765785
7278412643
1123392362
9569429870
2568902335
1499739662
9515009615
4177202201
7674521761
8979976644
5399244605
8200337456
4147595303
3969606793
5611722480
1480912694
3979579542
2636725921
4625206681
4838530443
3496904456
7550804085
4511035233
1750848083
2106136686
3448541902
6602085416
8723443562
3131498996
7550737471
8416751512
5988519165
9698971693
2220911081
5554046466
3969422321
2626113206
3370815302
6526689912
7154187224
4074870844
3621262923
6497824023
5641455396
8093648566
8082454251
3128997406
9923812334
2722213163
3971462305
4320227321
9753563584
6017071815
3281617695
3642158052
9718567294
6958468650
6052124105
7554985513
8372619706
2460060201
6580230753
8041941596
1729099551
4934996356
6871795022
5470504760
8315359780
4857722962
9795314620
6500689134
8342877911
4900294814
5257500242
5334693151
8700378665
7632265336
7736135142
1823429705
4015816431
2894295843
9718197683
1915789794
4536778304
6305553822
4358175544
2358489943
1834667844
8706792802
4739229025
9511502442
2155202125
3967192832
9403318002
3719028095
2727559601
9925395362
3987919725
5537580521
3474339573
7955466374
7187496282
9572233484
6019839140
2514629456
9647144894
4207414411
5766757286
1944025392
4290597172
1578051856
9066003881
1208260163
3330700111
7849501822
2012224034
3334534361
1621262941
6845185686
4298812873
5824455744
7200284254
5133735401
8385423200
9914879273
9841673774
6927125424
4108557600
2700580094
5480774246
7153424294
4494612452
3350124223
3034344795
4943189366
8754108930
3851834755
7809218336
1016233621
2928740161
4176866444
4183424324
4105364955
6836945872
7303040146
8689027970
2073512243
3385691691
5592054285
5164159313
2225346701
5954583320
8509434942
2702977141
2145166096
8114568324
2119024445
8251550812
8307457454
7553576866
3310163021
2447431840
6540649102
7730307900
7664681220
9141231256
2727433483
3474368693
9623241331
1686918914
6871984136
3300449213
1262713944
8113764842
7904485853
2194547165
1292915842
8273840256
3443807312
4860906385
3271466763
8990432426
4644271892
5838422564
4334282746
3399209656
7363734022
5996596395
8063314733
5101235322
1306682440
1324042425
6016911832
3448449034
2912724415
7860074434
7306704860
1740198331
2160448905
6397840680
5576161975
1371396132
7219108271
3406869535
2973528552
2911917352
8809381431
5813917185
2257365316
3699405846
5259241223
4975661364
3437358982
2632495666
6179042354
5585143421
8746834331
1748001533
7419391361
2243997243
3281388994
4876261025
2887397575
6164033820
4040691082
2116845544
2811568900
7736173686
1012453665
5076578065
1910522714
8118935554
3740674486
4800962806
6061105595
3123874633
8095389680
7292318714
1806392825
7730891431
9458317573
6840479376
5696025775
1769564182
6008807022
1580303406
4241513721
6431947012
8632558734
4913228725
9694190085
4544174821
7208641230
6053073176
8635408692
2160762693
9232218203
2914338022
9714189785
7599546990
5580372265
1531246721
5015441572
3158185284
9317462862
8206994423
7432730852
6652531550
9680596214
7441178032
6649195755
3162992571
7738085504
5548358071
5590038440
5421498003
8706678444
6522985976
3658232141
7962941501
6994260280
7053694082
9569806573
9403493540
2544847012
7976710674
5191024742
6044965570
6456686854
5505157383
3415073826
4650529030
6312025042
1542286480
3137640284
8980218494
3249458575
6776158141
3325601016
2061222903
4540698820
7982277914
2586032374
2249642883
1904913065
8064061843
7467127861
2159256503
7901403683
3679683125
8753842193
6984989244
7571643063
1589156730
5191652034
1713603415
1371807301
1428636786
4042565030
5640298414
6726547542
7210116885
9260020696
5163007102
6101333335
2869150561
2913821024
1126274192
2546201066
3694720886
6312036146
4233445952
3380223416
6271229311
3319033141
6967144376
7496523016
1282669253
2115284054
1644707901
1311717352
7112383902
5846323560
6767824825
2649897121
6196955656
6931604514
4863635534
7736594386
2834329643
5164475396
8118938166
9317426672
6604958054
2857958246
1239199124
5383074631
7362757496
3821614716
2767996114
8678963823
9879707924
9925634703
6500348142
5228650453
4234028175
2444858835
3099835793
2048463351
7389742275
1488165733
2247772461
1793578404
6587320961
7107282302
7341638603
9774060785
2603940846
2729754694
2466614496
1447763494
3412051731
2484658326
2605429584
1769541955
9451263931
3251058296
1758369546
5484656951
3435711226
4572045144
4452553932
4416715295
4843726440
5398027202
8754128994
5606878723
2224354333
3280182990
6068675340
2993123291
4944271662
3845986336
6028535074
7292426164
1528133832
2914733264
7628466974
7412582962
7878722051
4764617734
5958351206
9569674321
1519343976
3013932460
9816251211
3621275954
1032421250
6540572345
4874259250
7074392150
8343948421
2188982865
2009982170
1410306531
5980406084
1163577660
3206017990
3764556692
7865341536
8573255622
2476973855
4558779680
2382447410
2344864782
2222386235
3139135031
2829031741
9842317015
7135764930
8047974163
2911885292
6294073774
9116901942
8092634911
9032655343
3396976951
7314144644
2163557292
2747893890
6161501721
9815565970
5391165032
4996355685
4421690534
2010110314
7573088051
7910747773
3808692893
8559423902
1044417883
8314752246
9023884085
3186907404
9740577976
8706420730
3472693744
7518800100
7604098983
4241552346
4258914715
8426435861
7386106943
3177788600
5753266175
4647259691
7964543591
8052224843
2258440424
3693587262
4917902393
1334825041
7702717540
4483573732
1374849232
9664950470
6845226931
7870311234
1157298494
3969351654
4598602293
6163521755
8404316325
1944063520
9699766672
3569846582
3136533713
2545316001
3274335186
7200142110
7674528422
3516818001
8117974771
9572394694
5529418403
2399290633
2654653315
7461803506
9930067092
5169321776
5705223285
2006661731
7831229781
1792739664
5640099264
5486760790
1487331322
3439144354
9502699920
5260078795
1498391263
5814926471
1451178492
4608581736
3425523021
6058937220
4162135611
1065590315
1467940924
4320292782
8585358040
2269587821
3107207530
7593353740
7024662912
1931777794
1784299952
8092017894
2754334726
2568631111
2282052010
3034299472
5524746802
5242404591
4884637446
3960215070
3960534200
9158386775
1516755391
4629662026
2834737323
2626210753
9912842461
4602575515
2394775692
6636126302
6687612886
2191369681
1488147555
1208068993
8406804696
3031459491
4119429366
3298307950
1623057321
3437352435
7171861325
3976721162
2508467463
4089766122
4650182924
6292425285
2458658510
2895352935
3473310842
4173282315
1968591004
5774108034
6501993396
4867613553
9803628763
9943625462
5417582866
4382723402
3031329825
2105044060
4691071335
3880340170
4940619725
4053350991
1268687490
2286145654
3294326641
3313578295
3294374565
8587459171
6302351941
8240680276
2171832773
4471745390
5000449484
4871949051
2006307973
3850691003
8409795041
6034493640
2277328793
5903687731
5256639102
8912301053
3375784845
4421943912
2091165926
3824260650
8301124020
1604697824
5643471256
1545767856
6096780045
5547231760
5569262812
1202776271
4802439762
4820147253
8567267741
7012998333
1312538721
7972809806
6497767570
2892381181
3976116874
8472685701
4650202060
1193520775
4469472722
6020213592
2142416216
8273102633
3397301025
9117030635
6627565486
4884624835
1447792706
9257936763
3509993653
9026039805
2637477393
9718416853
4709279116
3136729993
2545203076
9918427621
7702964076
9564564494
1049404554
4314460592
1002790176
8198945646
5778400375
1595333025
5231200321
5792060083
4982860083
3262141654
2334569451
3979028900
5685222653
5390823211
9458437461
7889896954
9900401346
8348461925
9714618185
1621237332
4456310526
7198425964
7835230690
4863548896
9872445704
6059142563
6681433474
7553796482
3570471446
7080121160
8323985946
5054137410
5001167555
5596980970
4558369642
1039056126
2636795696
1220465326
6840552703
8549512112
3569237663
3497529206
7922655683
1058584295
3793450710
8367975011
1966159370
8680969150
2840608024
2860949910
6201081460
5380924010
5065803853
4544914570
3756386734
5048837253
8936802641
2224589625
7301922320
9140982325
1003694171
4814677582
4604473226
5768472813
5984437432
9524682650
6197969094
2747260913
8754211561
9420662801
7153413536
8352778291
9635451276
3324228574
4042671496
1739863182
3273462205
6288436803
5443975946
4982750334
6915931422
6357147064
3393231155
5314436923
1285225760
5642545381
1029098243
6491917445
6394668766
4671411776
2317500124
3327962971
7412853184
4943405423
2585322084
9568794141
8374765792
7849991203
9170079903
1343812422
2245064146
2078694181
3011153725
1865055942
6273816172
4965171665
2166775800
4265889806
6349998793
5165835614
2347034653
3299163140
9893132266
1888223750
2248331982
6275950730
7903390040
7259827551
4913302903
4106154183
8992318145
6062853731
2245080994
4409037916
3441093596
1220482130
9001899336
4270453320
1490611802
1133236775
1123360873
8242892932
8386887736
8754166396
8007416535
2394769204
8285962005
7085573110
5611569784
5250471855
1490367421
5696045305
7651648163
1845685671
1823514630
4394757765
4002479681
4921980781
9618208316
1892900796
2574709141
1949291794
8704785305
4814882704
6269808602
1582927706
9896477813
7252078341
4550913430
2120503700
9501493503
3695396961
9714857084
9842275590
2252334792
3473863794
3643141305
6836147942
5594869840
8567499253
2593179551
2013319534
7573037640
4345641974
4520759191
4675581223
4803598004
6823971674
9912900163
1040035264
2701983270
6623813593
3709651551
8618333522
7951783464
6501492045
7276734253
7210156870
1851587603
1661703901
3251249050
1265584585
6958524624
6787974782
5063249645
6042259521
4740840860
5466266971
7838814480
1076443863
2512887263
1239657171
2630126306
6933411166
2804367602
2264172142
8050320902
9552548530
8481377951
5524923423
4613716833
5398087085
6995290805
7503941104
6052278842
2122511020
4106279494
1578354584
1621455780
4767948754
4247221624
8162602291
4595781050
4321364025
3224634291
5980360945
5396425086
8531890765
1417422436
4291191236
8296133532
8044765956
5536874151
9841731653
3482622312
6204368446
3351256565
8979319005
6495963482
8601776562
6650897363
4904033153
1547886185
1491397471
1621330244
4043668193
5640808633
7877848016
5014093431
3711908266
4710146851
2218575096
1522283210
6654554782
7907060770
2338698832
7264135992
6344652064
2155445530
6651823441
9712973992
4899979851
4119128031
1728352732
8746118522
9915782995
1240481432
3960525564
2239673715
3350379944
8372626080
2754368455
3448402775
2348814790
5048637311
9032744221
1566160050
2545185215
4215186183
5013657714
2747494982
4946025560
4479951416
1980736553
1268715836
6787037390
5620726075
3335115486
1813427921
4057045322
3413185602
1527833580
3472806116
6696265542
5445115815
6982775726
7675166634
8950197362
4247385494
5814888192
1325114991
8352688293
2726157980
2277291693
4874175110
3372230606
6042574134
4144180003
8706803184
6813232451
4908374435
7883643806
2101033465
3971106171
3894997724
6332904572
9060585995
2559230704
2399201582
4453212455
5814828386
1647133493
1375144142
2619625680
6967697962
7410291674
2670789332
6872026420
5640308925
4378833760
2502900444
4187438710
3031238733
4870396075
1396412931
6053209433
5551417480
7312606836
7830762995
1363065141
7675210071
9792743461
6488484413
2205737380
9607565096
5378223922
5441680845
2916430904
5754404681
1331054443
6322497123
9828461882
2547299554
8573528456
8082006251
1904956001
6813298984
3175693054
4071065014
8129551345
5639342645
6385411793
2702111355
3873909675
3869288710
2358370291
2503303482
8296635513
3681947076
7731388066
8680696883
2840070100
2564023556
5633396731
4230981333
8404898961
3030715656
9066295954
4740806840
6009072403
7070264983
9454661742
1375339011
4608724293
1487353560
8127790134
7496770492
7981567823
7092615504
3980739991
3159705780
6104148131
4281744482
9063689014
6211877302
8199831135
9618121520
4945842333
3570196836
9404091830
7067381705
7429054673
6392525241
7447274763
9568698635
5055756322
2993869196
5632600223
4884710073
1920571505
3233883306
5814256280
4883021216
6545817950
3440243925
2981921040
1477443376
1398411560
1441150200
5273369415
1735666472
6309435790
8095746761
5791366442
6052020774
1577635135
3722902702
4094210746
7448487174
1311431483
6887691495
6397839416
9925272685
4176815020
1888281065
1516375770
1787983116
3810426561
6747080060
5382511595
2149717393
6181139414
1729689743
2594529523
5600355401
6381091920
8131003193
7238778665
3358500305
1104429782
8480831940
3273411750
3334770213
4844584404
2462716351
3701681804
4555868612
2691162003
6170301130
2632336814
8973416690
9031201200
9571006885
6398162256
7202541651
1861871583
8195061291
4492641086
1487549770
1219591995
1817838643
7876305135
6823913736
8375037366
5634937744
9792435730
3845767774
5023155395
5006595974
7030690564
8091648891
1401839655
2447329264
4136343536
4579267840
2755947154
5735783896
2568912301
7107631230
8300967183
5636778372
4134310924
6294366853
1809557562
1178188756
9842523482
7553998351
4148199031
2404877355
9568061016
2125043782
3497466674
9403391115
9506967820
9229636091
9786046911
3611999742
3474029985
1241149862
5011673984
2064154422
5121617034
2898546571
3961834936
1627800716
3973237505
3224397606
5814176233
3368926046
2948527234
5269146503
2541309083
9630617091
4738410611
3523671653
6673178013
7813592474
3250911996
8197881425
7575861926
3988246253
9613929566
4382957891
6384220754
7632846561
3186202751
5408596126
1582900830
5636880841
8921350620
9891554971
8986661633
5743250472
3964898000
9156565110
4086040630
2220371974
8754284081
6370724172
6971368714
8238137644
2730493684
2603910805
3506016776
1556204613
6898536201
1187236676
2695942771
9073965261
3693756765
1828772746
5850395806
8551255694
1766794175
2401974061
6759887330
2277546681
7292246640
9220449055
3570732362
7563321942
8331253022
3742127583
3988309065
6561987235
8323372761
6305104142
7135506070
3974372544
1220587222
6113704144
8082246815
5228515655
5161992371
1364062243
5878204533
3473215200
7397400253
8601800841
7963221055
2993694373
7920320505
1241107711
6603903283
9359730376
7607434214
8090952516
1033422876
5406516990
8809208225
1642130103
5008500184
3300614461
1729901305
8942770852
6644070344
3309890975
8948950124
5415529711
4800928996
6840574053
1915104962
9817172551
9359696780
9880855036
6240631364
6916035851
3965726564
4346306182
4994058403
3392357371
8429922572
2202221921
1663300892
4211101521
4921735906
5378849254
3972797113
6774728505
4671272653
3141822154
8579775245
1046922284
2105908991
2461757793
1872857431
2521753054
6228517341
5753972582
2937976635
6162045396
1923973446
6562468555
2181840570
5768411574
6538787275
7814805751
6204971032
6627145055
6498366766
3071851086
3191492220
3537389203
2119588192
4440792355
4612927524
3660317570
9228257905
1643556913
3975626281
1980754355
5703819354
6004528224
3472668113
9829496773
4696026086
4321790690
6635185082
7410086191
3147556801
2272156725
7152681292
6994323685
7446558523
3153545091
1142561044
9885772190
6971158832
4625016815
4974015023
2519460823
4191478200
9190536040
6068695754
1582942185
4826848331
8691272936
7644831320
4162958914
4417806363
1259691226
2264748452
3123733336
2665370411
5535703563
3978982011
9483022194
8408924856
9523225423
5791439802
8108146104
4545257172
3056038484
3154437532
3218159980
1925344013
8522989053
8242721966
9929611112
5166196173
3385769590
9715463940
4518534285
2526344855
1269558161
7815555775
7530392413
5695815764
7876636703
9291258093
2592787503
6033821544
2916175345
5048785302
3400050544
5733889733
5190303672
2497977473
3380120310
6893541572
8256391360
2546837775
4134220510
8426107410
9994011801
2913638140
6601697513
9477415533
1302678263
2518931100
5595976735
8272128130
9495235886
7078984194
7186056323
8296473356
5041264163
6096417880
3695429721
4281858943
3522346203
8537967233
9831778515
3233969513
2144790034
4691267044
5431494364
7210866891
2271906136
6833338783
6530767180
9562762193
4906149006
3334011984
3585546440
5229232621
4861318792
4605951873
1299411212
4705000532
4501524510
7207260082
9259987844
1817720590
4188862602
2037324332
5136818923
9639966545
5863919950
2806346211
4646937691
2394541225
5724551663
5510392366
6598357091
2351139766
1525315153
2398643741
4721178696
6681729386
7704596863
9725159183
5586909871
5019881786
3766761353
3170926006
3517430965
3232951481
6430798931
6687740006
2147998672
8582020193
1487141902
7477215476
4520854041
1470090823
1706180291
9792634655
5156093821
4986235030
4277687772
8738132056
1689323484
3011148674
8736746174
3965891856
2396972314
4670088275
7092873476
8128159340
7475611743
7363084842
4090611652
3498439291
7243688141
6089224094
7967549505
3847226854
3151544804
4692082544
1689032015
8687435326
9531173890
4404912326
2665209875
6180753692
1070447361
7256825531
8646143063
1477406884
1482353681
9369764736
1158807952
9286362540
4052108421
3086951081
5015163753
3375812322
1572552332
5001025610
1849273311
4737652356
5466080712
8689313426
5533185722
3965969044
2272375626
9527702925
9555194740
4005569831
2064185056
2639218374
2214385530
7904535321
6572101653
7601034184
6316112681
9863711955
5827300382
1885214682
8107599555
2662612691
8924371212
6240635936
9242995484
3030244011
3299403251
6053283655
2910792592
1558703860
5643280355
1809171081
2116827742
2506969371
4999211626
2196711300
8372445045
9220161156
6518689726
6486975633
5165593845
5091821932
8272124770
7135091736
1747263464
2160771303
8583209526
8096883944
8963134681
5114429073
2717030945
1098410983
3751974586
3621812880
1049413901
6840223445














